Datetime,Open,High,Low,Close,Volume
2012-04-02 10:00:00,160535.0,160990.0,160520.0,160870.0,22179.0
2012-04-02 10:05:00,160850.0,161080.0,160750.0,160905.0,16202.0
2012-04-02 10:10:00,160905.0,160945.0,160555.0,160700.0,13279.0
2012-04-02 10:15:00,160700.0,160860.0,160605.0,160790.0,7390.0
2012-04-02 10:20:00,160795.0,160885.0,160675.0,160785.0,4519.0
2012-04-02 10:25:00,160790.0,160985.0,160705.0,160775.0,7404.0
2012-04-02 10:30:00,160785.0,160950.0,160315.0,160375.0,16363.0
2012-04-02 10:35:00,160370.0,160520.0,160300.0,160465.0,6308.0
2012-04-02 10:40:00,160460.0,161175.0,160435.0,161100.0,20230.0
2012-04-02 10:45:00,161095.0,161190.0,160870.0,160905.0,10262.0
2012-04-02 10:50:00,160905.0,161045.0,160805.0,160855.0,6122.0
2012-04-02 10:55:00,160855.0,161080.0,160750.0,161025.0,6589.0
2012-04-02 11:00:00,161025.0,161270.0,160645.0,160925.0,26024.0
2012-04-02 11:05:00,160935.0,161450.0,160810.0,161375.0,23407.0
2012-04-02 11:10:00,161355.0,161455.0,161115.0,161190.0,12406.0
2012-04-02 11:15:00,161195.0,161245.0,160795.0,160900.0,14064.0
2012-04-02 11:20:00,160900.0,160960.0,160405.0,160520.0,18512.0
2012-04-02 11:25:00,160520.0,160685.0,160345.0,160570.0,16221.0
2012-04-02 11:30:00,160580.0,160870.0,160545.0,160740.0,13585.0
2012-04-02 11:35:00,160720.0,161135.0,160645.0,160970.0,16815.0
2012-04-02 11:40:00,160975.0,161090.0,160765.0,160830.0,10415.0
2012-04-02 11:45:00,160820.0,161000.0,160605.0,160980.0,12303.0
2012-04-02 11:50:00,160980.0,161110.0,160510.0,160945.0,18038.0
2012-04-02 11:55:00,160960.0,161190.0,160720.0,160760.0,12400.0
2012-04-02 12:00:00,160775.0,161345.0,160755.0,161270.0,19097.0
2012-04-02 12:05:00,161270.0,161550.0,161250.0,161425.0,17441.0
2012-04-02 12:10:00,161425.0,161455.0,161055.0,161085.0,10209.0
2012-04-02 12:15:00,161075.0,161335.0,161050.0,161320.0,7458.0
2012-04-02 12:20:00,161320.0,161420.0,160910.0,161175.0,13239.0
2012-04-02 12:25:00,161180.0,161260.0,160835.0,160840.0,7260.0
2012-04-02 12:30:00,160850.0,160950.0,160560.0,160690.0,17229.0
2012-04-02 12:35:00,160710.0,160885.0,160000.0,160050.0,34974.0
2012-04-02 12:40:00,160045.0,160050.0,159385.0,159560.0,41213.0
2012-04-02 12:45:00,159565.0,159930.0,159430.0,159870.0,20807.0
2012-04-02 12:50:00,159870.0,159930.0,159700.0,159785.0,9911.0
2012-04-02 12:55:00,159795.0,159920.0,159650.0,159820.0,12293.0
2012-04-02 13:00:00,159810.0,159915.0,159585.0,159605.0,14308.0
2012-04-02 13:05:00,159610.0,159860.0,159455.0,159545.0,14084.0
2012-04-02 13:10:00,159550.0,159685.0,159300.0,159425.0,18159.0
2012-04-02 13:15:00,159430.0,159765.0,159355.0,159725.0,10411.0
2012-04-02 13:20:00,159725.0,159795.0,159245.0,159675.0,12138.0
2012-04-02 13:25:00,159685.0,159755.0,159505.0,159600.0,8305.0
2012-04-02 13:30:00,159575.0,159795.0,159455.0,159780.0,7583.0
2012-04-02 13:35:00,159795.0,159800.0,159485.0,159575.0,6459.0
2012-04-02 13:40:00,159560.0,159630.0,159430.0,159555.0,4200.0
2012-04-02 13:45:00,159570.0,159625.0,159465.0,159535.0,4598.0
2012-04-02 13:50:00,159525.0,160375.0,159525.0,160265.0,21962.0
2012-04-02 13:55:00,160270.0,160355.0,160120.0,160240.0,10908.0
2012-04-02 14:00:00,160220.0,160275.0,159880.0,160050.0,7108.0
2012-04-02 14:05:00,160055.0,160760.0,160000.0,160760.0,26773.0
2012-04-02 14:10:00,160755.0,160900.0,160540.0,160665.0,11577.0
2012-04-02 14:15:00,160665.0,160710.0,160515.0,160665.0,6698.0
2012-04-02 14:20:00,160645.0,160690.0,160530.0,160580.0,5027.0
2012-04-02 14:25:00,160580.0,160650.0,160000.0,160015.0,12864.0
2012-04-02 14:30:00,160010.0,160385.0,159920.0,160165.0,10127.0
2012-04-02 14:35:00,160190.0,160335.0,159950.0,160155.0,9913.0
2012-04-02 14:40:00,160180.0,160235.0,160000.0,160145.0,7138.0
2012-04-02 14:45:00,160150.0,160425.0,160000.0,160115.0,9853.0
2012-04-02 14:50:00,160090.0,160200.0,159570.0,159645.0,14247.0
2012-04-02 14:55:00,159625.0,159760.0,159380.0,159415.0,13749.0
2012-04-02 15:00:00,159400.0,159670.0,159275.0,159655.0,15506.0
2012-04-02 15:05:00,159660.0,159865.0,159500.0,159665.0,11044.0
2012-04-02 15:10:00,159675.0,159740.0,159520.0,159625.0,3621.0
2012-04-02 15:15:00,159620.0,159850.0,159440.0,159720.0,9799.0
2012-04-02 15:20:00,159710.0,159760.0,159345.0,159560.0,7877.0
2012-04-02 15:25:00,159560.0,159620.0,159070.0,159115.0,16216.0
2012-04-02 15:30:00,159115.0,159335.0,159100.0,159250.0,11521.0
2012-04-02 15:35:00,159240.0,159340.0,159055.0,159255.0,10129.0
2012-04-02 15:40:00,159285.0,159330.0,158780.0,158925.0,15460.0
2012-04-02 15:45:00,158920.0,158940.0,158415.0,158505.0,21090.0
2012-04-02 15:50:00,158525.0,158790.0,158250.0,158725.0,17704.0
2012-04-02 15:55:00,158725.0,158800.0,158565.0,158600.0,8025.0
2012-04-02 16:00:00,158605.0,158765.0,158150.0,158310.0,17422.0
2012-04-02 16:05:00,158345.0,158545.0,158135.0,158375.0,11444.0
2012-04-02 16:10:00,158370.0,158740.0,158260.0,158570.0,10704.0
2012-04-02 16:15:00,158565.0,158595.0,158225.0,158390.0,10628.0
2012-04-02 16:20:00,158385.0,158440.0,158255.0,158390.0,6929.0
2012-04-02 16:25:00,158390.0,158885.0,158360.0,158865.0,12678.0
2012-04-02 16:30:00,158890.0,158995.0,158725.0,158790.0,17272.0
2012-04-02 16:35:00,158785.0,158965.0,158700.0,158825.0,7516.0
2012-04-02 16:40:00,158825.0,158935.0,158500.0,158860.0,10463.0
2012-04-02 16:45:00,158855.0,159150.0,158805.0,159020.0,11546.0
2012-04-02 16:50:00,159010.0,159030.0,158665.0,158835.0,9340.0
2012-04-02 16:55:00,158820.0,158935.0,158580.0,158640.0,5898.0
2012-04-02 17:00:00,158635.0,158845.0,158240.0,158790.0,17656.0
2012-04-02 17:05:00,158790.0,158790.0,158510.0,158685.0,6639.0
2012-04-02 17:10:00,158685.0,158705.0,158370.0,158495.0,13249.0
2012-04-02 17:15:00,158490.0,158680.0,158415.0,158495.0,11107.0
2012-04-02 17:20:00,158495.0,158650.0,158385.0,158620.0,7057.0
2012-04-02 17:25:00,158640.0,158715.0,158450.0,158615.0,7555.0
2012-04-02 17:30:00,158610.0,158815.0,158345.0,158570.0,22444.0
2012-04-02 17:35:00,158575.0,158635.0,157760.0,157960.0,46504.0
2012-04-02 17:40:00,157970.0,158195.0,157855.0,158085.0,20428.0
2012-04-02 17:45:00,158070.0,158345.0,158045.0,158165.0,12055.0
2012-04-02 17:50:00,158150.0,158295.0,158060.0,158100.0,7649.0
2012-04-02 17:55:00,158105.0,158175.0,157390.0,157690.0,30451.0
2012-04-02 18:00:00,157695.0,158675.0,157515.0,158585.0,34712.0
2012-04-02 18:05:00,158585.0,158670.0,158365.0,158435.0,17524.0
2012-04-02 18:10:00,158435.0,159400.0,158415.0,159305.0,34549.0
2012-04-02 18:15:00,159310.0,160380.0,159250.0,160265.0,60824.0
2012-04-02 18:20:00,160260.0,160445.0,159940.0,160075.0,29202.0
2012-04-02 18:25:00,160090.0,160270.0,159920.0,160060.0,14677.0
2012-04-02 18:30:00,160065.0,160270.0,159915.0,159920.0,15248.0
2012-04-02 18:35:00,159925.0,160050.0,159805.0,159830.0,12483.0
2012-04-02 18:40:00,159830.0,159865.0,159550.0,159615.0,13950.0
2012-04-02 19:00:00,159785.0,160425.0,159785.0,159815.0,14612.0
2012-04-02 19:05:00,159820.0,160245.0,159815.0,160230.0,6232.0
2012-04-02 19:10:00,160230.0,160350.0,160160.0,160235.0,5495.0
2012-04-02 19:15:00,160210.0,160355.0,160155.0,160180.0,3981.0
2012-04-02 19:20:00,160180.0,160285.0,160105.0,160110.0,2975.0
2012-04-02 19:25:00,160110.0,160300.0,160105.0,160265.0,3540.0
2012-04-02 19:30:00,160245.0,160495.0,160240.0,160455.0,6500.0
2012-04-02 19:35:00,160455.0,160515.0,160330.0,160350.0,3818.0
2012-04-02 19:40:00,160350.0,160395.0,160310.0,160350.0,1633.0
2012-04-02 19:45:00,160370.0,160800.0,160350.0,160660.0,6957.0
2012-04-02 19:50:00,160680.0,160800.0,160620.0,160780.0,4454.0
2012-04-02 19:55:00,160750.0,160970.0,160735.0,160950.0,6780.0
2012-04-02 20:00:00,160950.0,161340.0,160950.0,161105.0,11132.0
2012-04-02 20:05:00,161100.0,161300.0,161070.0,161110.0,4705.0
2012-04-02 20:10:00,161100.0,161165.0,161025.0,161085.0,3448.0
2012-04-02 20:15:00,161085.0,161145.0,160960.0,161135.0,3404.0
2012-04-02 20:20:00,161135.0,161155.0,161030.0,161085.0,1786.0
2012-04-02 20:25:00,161070.0,161200.0,161045.0,161050.0,2660.0
2012-04-02 20:30:00,161055.0,161090.0,160770.0,160775.0,5933.0
2012-04-02 20:35:00,160775.0,160945.0,160770.0,160910.0,3252.0
2012-04-02 20:40:00,160925.0,161045.0,160885.0,160950.0,2010.0
2012-04-02 20:45:00,160955.0,161100.0,160900.0,161005.0,1867.0
2012-04-02 20:50:00,161005.0,161240.0,160965.0,161040.0,2770.0
2012-04-02 20:55:00,161025.0,161235.0,160980.0,161145.0,3887.0
2012-04-02 21:00:00,161145.0,161290.0,160910.0,160920.0,4814.0
2012-04-02 21:05:00,160945.0,161000.0,160915.0,160950.0,1539.0
2012-04-02 21:10:00,160975.0,161035.0,160830.0,160900.0,2767.0
2012-04-02 21:15:00,160905.0,160945.0,160810.0,160865.0,1481.0
2012-04-02 21:20:00,160870.0,160920.0,160800.0,160835.0,1104.0
2012-04-02 21:25:00,160850.0,160945.0,160850.0,160910.0,1319.0
2012-04-02 21:30:00,160910.0,161095.0,160885.0,161030.0,2899.0
2012-04-02 21:35:00,161035.0,161070.0,160875.0,160920.0,1482.0
2012-04-02 21:40:00,160925.0,160950.0,160880.0,160945.0,614.0
2012-04-02 21:45:00,160940.0,161100.0,160925.0,160960.0,2655.0
2012-04-02 21:50:00,160960.0,161075.0,160955.0,160990.0,1022.0
2012-04-02 21:55:00,161000.0,161125.0,161000.0,161065.0,1746.0
2012-04-02 22:00:00,161065.0,161125.0,160885.0,160895.0,1806.0
2012-04-02 22:05:00,160925.0,161015.0,160900.0,160975.0,1234.0
2012-04-02 22:10:00,160985.0,160985.0,160780.0,160905.0,3994.0
2012-04-02 22:15:00,160905.0,161035.0,160900.0,161015.0,1633.0
2012-04-02 22:20:00,161005.0,161190.0,160970.0,161160.0,2746.0
2012-04-02 22:25:00,161175.0,161245.0,161070.0,161120.0,1739.0
2012-04-02 22:30:00,161110.0,161385.0,161110.0,161360.0,5211.0
2012-04-02 22:35:00,161355.0,161495.0,161350.0,161475.0,4803.0
2012-04-02 22:40:00,161470.0,161500.0,161405.0,161475.0,2750.0
2012-04-02 22:45:00,161475.0,161710.0,161425.0,161680.0,5849.0
2012-04-02 22:50:00,161660.0,161660.0,161340.0,161405.0,5022.0
2012-04-02 22:55:00,161400.0,161535.0,161390.0,161495.0,2014.0
2012-04-02 23:00:00,161490.0,161590.0,161460.0,161470.0,3239.0
2012-04-02 23:05:00,161480.0,161515.0,161365.0,161430.0,3353.0
2012-04-02 23:10:00,161430.0,161680.0,161390.0,161650.0,3784.0
2012-04-02 23:15:00,161650.0,161680.0,161515.0,161605.0,2856.0
2012-04-02 23:20:00,161620.0,161640.0,161495.0,161495.0,1950.0
2012-04-02 23:25:00,161500.0,161520.0,161320.0,161410.0,2947.0
2012-04-02 23:30:00,161425.0,161485.0,161345.0,161480.0,1727.0
2012-04-02 23:35:00,161465.0,161500.0,161250.0,161250.0,2716.0
2012-04-02 23:40:00,161270.0,161340.0,161010.0,161300.0,8467.0
2012-04-02 23:45:00,161310.0,161435.0,161215.0,161285.0,5872.0
2012-04-03 10:00:00,161310.0,161460.0,161130.0,161375.0,14788.0
2012-04-03 10:05:00,161365.0,161415.0,161215.0,161350.0,8495.0
2012-04-03 10:10:00,161340.0,161355.0,160875.0,160915.0,12362.0
2012-04-03 10:15:00,160925.0,161045.0,160720.0,160850.0,12050.0
2012-04-03 10:20:00,160850.0,160890.0,160790.0,160790.0,5913.0
2012-04-03 10:25:00,160795.0,160900.0,160715.0,160815.0,7410.0
2012-04-03 10:30:00,160825.0,161265.0,160785.0,161170.0,9924.0
2012-04-03 10:35:00,161170.0,161285.0,160925.0,161020.0,6902.0
2012-04-03 10:40:00,161015.0,161250.0,160980.0,161250.0,6745.0
2012-04-03 10:45:00,161255.0,161480.0,161255.0,161450.0,13781.0
2012-04-03 10:50:00,161435.0,161500.0,161320.0,161430.0,7369.0
2012-04-03 10:55:00,161430.0,161490.0,161260.0,161350.0,9542.0
2012-04-03 11:00:00,161360.0,161400.0,160625.0,160790.0,28717.0
2012-04-03 11:05:00,160780.0,161130.0,160770.0,161040.0,14818.0
2012-04-03 11:10:00,161040.0,161270.0,160830.0,161240.0,13469.0
2012-04-03 11:15:00,161260.0,161860.0,161250.0,161850.0,31618.0
2012-04-03 11:20:00,161850.0,162145.0,161505.0,161505.0,34011.0
2012-04-03 11:25:00,161510.0,161600.0,161325.0,161560.0,15691.0
2012-04-03 11:30:00,161560.0,161675.0,161500.0,161640.0,7905.0
2012-04-03 11:35:00,161645.0,161655.0,161145.0,161360.0,13535.0
2012-04-03 11:40:00,161365.0,161760.0,161285.0,161670.0,14832.0
2012-04-03 11:45:00,161665.0,161780.0,161485.0,161730.0,9528.0
2012-04-03 11:50:00,161715.0,161750.0,161510.0,161635.0,8251.0
2012-04-03 11:55:00,161635.0,161760.0,161260.0,161445.0,11741.0
2012-04-03 12:00:00,161445.0,161690.0,161370.0,161420.0,12769.0
2012-04-03 12:05:00,161430.0,161895.0,161415.0,161555.0,14638.0
2012-04-03 12:10:00,161560.0,161645.0,161390.0,161525.0,8715.0
2012-04-03 12:15:00,161525.0,161665.0,161170.0,161215.0,14968.0
2012-04-03 12:20:00,161185.0,161255.0,160885.0,160905.0,23830.0
2012-04-03 12:25:00,160910.0,161300.0,160770.0,161245.0,15808.0
2012-04-03 12:30:00,161240.0,161390.0,161075.0,161370.0,11462.0
2012-04-03 12:35:00,161370.0,161630.0,161155.0,161200.0,16198.0
2012-04-03 12:40:00,161175.0,161425.0,161055.0,161120.0,10375.0
2012-04-03 12:45:00,161120.0,161450.0,161010.0,161260.0,9362.0
2012-04-03 12:50:00,161255.0,161505.0,161065.0,161140.0,13775.0
2012-04-03 12:55:00,161135.0,161195.0,160905.0,161075.0,11052.0
2012-04-03 13:00:00,161080.0,161235.0,160850.0,161020.0,12739.0
2012-04-03 13:05:00,161025.0,161280.0,161005.0,161210.0,9800.0
2012-04-03 13:10:00,161210.0,161415.0,161055.0,161405.0,9652.0
2012-04-03 13:15:00,161415.0,161690.0,161165.0,161275.0,18387.0
2012-04-03 13:20:00,161275.0,161410.0,161195.0,161325.0,6114.0
2012-04-03 13:25:00,161335.0,161475.0,161140.0,161400.0,8681.0
2012-04-03 13:30:00,161400.0,161565.0,161310.0,161500.0,8310.0
2012-04-03 13:35:00,161500.0,162055.0,161490.0,161805.0,25600.0
2012-04-03 13:40:00,161800.0,162050.0,161760.0,162000.0,17813.0
2012-04-03 13:45:00,161980.0,162425.0,161930.0,162065.0,28641.0
2012-04-03 13:50:00,162060.0,162100.0,161870.0,162010.0,12891.0
2012-04-03 13:55:00,162015.0,162215.0,161920.0,162215.0,8748.0
2012-04-03 14:00:00,162180.0,162250.0,161840.0,161885.0,8368.0
2012-04-03 14:05:00,161890.0,162435.0,161850.0,162400.0,20770.0
2012-04-03 14:10:00,162400.0,162730.0,162315.0,162650.0,31865.0
2012-04-03 14:15:00,162650.0,162700.0,162320.0,162355.0,10691.0
2012-04-03 14:20:00,162345.0,162495.0,162295.0,162355.0,6970.0
2012-04-03 14:25:00,162365.0,162610.0,162335.0,162435.0,8498.0
2012-04-03 14:30:00,162435.0,162485.0,162210.0,162330.0,5714.0
2012-04-03 14:35:00,162325.0,162460.0,162060.0,162070.0,8545.0
2012-04-03 14:40:00,162070.0,162385.0,162055.0,162220.0,7539.0
2012-04-03 14:45:00,162235.0,162370.0,162120.0,162300.0,5064.0
2012-04-03 14:50:00,162310.0,162445.0,162130.0,162250.0,6839.0
2012-04-03 14:55:00,162250.0,162395.0,162185.0,162300.0,5283.0
2012-04-03 15:00:00,162295.0,162650.0,162285.0,162565.0,9354.0
2012-04-03 15:05:00,162580.0,162680.0,162195.0,162305.0,8548.0
2012-04-03 15:10:00,162310.0,162380.0,162170.0,162170.0,4797.0
2012-04-03 15:15:00,162185.0,162200.0,161620.0,161715.0,22111.0
2012-04-03 15:20:00,161715.0,161775.0,161500.0,161630.0,11062.0
2012-04-03 15:25:00,161645.0,161650.0,161250.0,161315.0,15649.0
2012-04-03 15:30:00,161305.0,161630.0,161205.0,161540.0,14104.0
2012-04-03 15:35:00,161535.0,161840.0,161460.0,161675.0,9917.0
2012-04-03 15:40:00,161680.0,161935.0,161645.0,161755.0,7092.0
2012-04-03 15:45:00,161750.0,161790.0,161600.0,161700.0,6803.0
2012-04-03 15:50:00,161700.0,161790.0,161540.0,161735.0,7350.0
2012-04-03 15:55:00,161735.0,161870.0,161625.0,161790.0,5813.0
2012-04-03 16:00:00,161790.0,162240.0,161720.0,162225.0,17674.0
2012-04-03 16:05:00,162220.0,162420.0,162080.0,162080.0,17400.0
2012-04-03 16:10:00,162080.0,162335.0,162035.0,162310.0,9002.0
2012-04-03 16:15:00,162310.0,162460.0,162200.0,162440.0,10582.0
2012-04-03 16:20:00,162445.0,162460.0,162220.0,162350.0,6566.0
2012-04-03 16:25:00,162350.0,162875.0,162350.0,162780.0,22730.0
2012-04-03 16:30:00,162780.0,162945.0,162665.0,162720.0,16516.0
2012-04-03 16:35:00,162730.0,162765.0,162495.0,162725.0,9702.0
2012-04-03 16:40:00,162730.0,162990.0,162715.0,162990.0,12567.0
2012-04-03 16:45:00,162985.0,163000.0,162635.0,162750.0,10174.0
2012-04-03 16:50:00,162740.0,162935.0,162585.0,162845.0,8341.0
2012-04-03 16:55:00,162835.0,163255.0,162750.0,163230.0,14572.0
2012-04-03 17:00:00,163225.0,163550.0,163000.0,163395.0,23809.0
2012-04-03 17:05:00,163395.0,163670.0,163390.0,163415.0,15845.0
2012-04-03 17:10:00,163420.0,163790.0,163380.0,163710.0,14120.0
2012-04-03 17:15:00,163710.0,163800.0,163410.0,163475.0,10893.0
2012-04-03 17:20:00,163465.0,163945.0,163460.0,163890.0,13377.0
2012-04-03 17:25:00,163900.0,163955.0,163730.0,163780.0,11860.0
2012-04-03 17:30:00,163780.0,163950.0,163535.0,163535.0,18593.0
2012-04-03 17:35:00,163540.0,164240.0,163515.0,164210.0,37853.0
2012-04-03 17:40:00,164210.0,164260.0,163895.0,163950.0,24556.0
2012-04-03 17:45:00,163950.0,164040.0,163710.0,163900.0,15611.0
2012-04-03 17:50:00,163895.0,164105.0,163825.0,163870.0,15641.0
2012-04-03 17:55:00,163875.0,164305.0,163825.0,164090.0,15986.0
2012-04-03 18:00:00,164090.0,164470.0,163755.0,164405.0,30353.0
2012-04-03 18:05:00,164410.0,164635.0,164245.0,164565.0,23846.0
2012-04-03 18:10:00,164570.0,164680.0,164115.0,164165.0,19096.0
2012-04-03 18:15:00,164160.0,164225.0,163250.0,163375.0,40087.0
2012-04-03 18:20:00,163375.0,163570.0,163275.0,163415.0,20364.0
2012-04-03 18:25:00,163415.0,163625.0,163290.0,163625.0,17759.0
2012-04-03 18:30:00,163625.0,163790.0,163570.0,163630.0,11827.0
2012-04-03 18:35:00,163620.0,163640.0,163485.0,163540.0,9073.0
2012-04-03 18:40:00,163545.0,163940.0,163520.0,163765.0,13712.0
2012-04-03 19:00:00,163685.0,163890.0,163470.0,163610.0,6965.0
2012-04-03 19:05:00,163615.0,163730.0,163375.0,163385.0,4618.0
2012-04-03 19:10:00,163400.0,163585.0,163305.0,163390.0,5363.0
2012-04-03 19:15:00,163390.0,163440.0,163075.0,163235.0,8250.0
2012-04-03 19:20:00,163240.0,163315.0,163115.0,163315.0,4641.0
2012-04-03 19:25:00,163300.0,163345.0,163075.0,163170.0,5036.0
2012-04-03 19:30:00,163175.0,163185.0,162915.0,163105.0,8742.0
2012-04-03 19:35:00,163110.0,163430.0,163070.0,163245.0,7973.0
2012-04-03 19:40:00,163250.0,163350.0,163155.0,163165.0,3604.0
2012-04-03 19:45:00,163155.0,163280.0,163070.0,163190.0,2889.0
2012-04-03 19:50:00,163195.0,163260.0,163135.0,163150.0,1644.0
2012-04-03 19:55:00,163160.0,163240.0,163120.0,163190.0,1534.0
2012-04-03 20:00:00,163205.0,163215.0,163050.0,163055.0,2524.0
2012-04-03 20:05:00,163060.0,163125.0,162760.0,162760.0,10713.0
2012-04-03 20:10:00,162780.0,162800.0,162320.0,162630.0,16481.0
2012-04-03 20:15:00,162630.0,162850.0,162560.0,162660.0,5154.0
2012-04-03 20:20:00,162660.0,162805.0,162620.0,162785.0,2490.0
2012-04-03 20:25:00,162790.0,162945.0,162730.0,162930.0,3955.0
2012-04-03 20:30:00,162925.0,162980.0,162835.0,162885.0,4183.0
2012-04-03 20:35:00,162900.0,163075.0,162865.0,162970.0,5547.0
2012-04-03 20:40:00,162970.0,163250.0,162970.0,163245.0,5388.0
2012-04-03 20:45:00,163240.0,163250.0,163120.0,163175.0,2146.0
2012-04-03 20:50:00,163165.0,163340.0,163130.0,163135.0,3690.0
2012-04-03 20:55:00,163130.0,163230.0,163035.0,163155.0,2627.0
2012-04-03 21:00:00,163160.0,163195.0,163005.0,163140.0,2098.0
2012-04-03 21:05:00,163130.0,163170.0,162850.0,162875.0,2729.0
2012-04-03 21:10:00,162880.0,162950.0,162720.0,162885.0,3576.0
2012-04-03 21:15:00,162880.0,162965.0,162840.0,162865.0,1727.0
2012-04-03 21:20:00,162880.0,163040.0,162770.0,162860.0,2795.0
2012-04-03 21:25:00,162885.0,162955.0,162805.0,162955.0,1687.0
2012-04-03 21:30:00,162935.0,162955.0,162765.0,162865.0,1870.0
2012-04-03 21:35:00,162865.0,163045.0,162835.0,162990.0,2289.0
2012-04-03 21:40:00,162990.0,163000.0,162890.0,162925.0,1357.0
2012-04-03 21:45:00,162925.0,163145.0,162905.0,163090.0,1972.0
2012-04-03 21:50:00,163080.0,163320.0,163040.0,163320.0,3507.0
2012-04-03 21:55:00,163305.0,163440.0,163155.0,163190.0,4497.0
2012-04-03 22:00:00,163160.0,163215.0,162400.0,162450.0,17096.0
2012-04-03 22:05:00,162440.0,162720.0,162350.0,162450.0,9940.0
2012-04-03 22:10:00,162470.0,162470.0,162040.0,162150.0,15612.0
2012-04-03 22:15:00,162150.0,162340.0,162015.0,162235.0,8432.0
2012-04-03 22:20:00,162230.0,162415.0,161930.0,162385.0,12398.0
2012-04-03 22:25:00,162380.0,162410.0,162065.0,162120.0,7000.0
2012-04-03 22:30:00,162105.0,162190.0,161875.0,162145.0,8275.0
2012-04-03 22:35:00,162145.0,162160.0,161800.0,161815.0,6916.0
2012-04-03 22:40:00,161815.0,162115.0,161755.0,162110.0,7849.0
2012-04-03 22:45:00,162095.0,162115.0,161845.0,162060.0,3569.0
2012-04-03 22:50:00,162050.0,162245.0,161960.0,162085.0,7051.0
2012-04-03 22:55:00,162090.0,162150.0,161905.0,161975.0,4462.0
2012-04-03 23:00:00,161990.0,162355.0,161910.0,162330.0,5615.0
2012-04-03 23:05:00,162330.0,162405.0,162165.0,162170.0,5864.0
2012-04-03 23:10:00,162180.0,162275.0,162065.0,162260.0,2794.0
2012-04-03 23:15:00,162260.0,162360.0,162100.0,162265.0,4185.0
2012-04-03 23:20:00,162265.0,162275.0,162020.0,162115.0,4913.0
2012-04-03 23:25:00,162120.0,162125.0,161695.0,161775.0,10966.0
2012-04-03 23:30:00,161775.0,161900.0,161690.0,161725.0,6628.0
2012-04-03 23:35:00,161735.0,161855.0,161600.0,161710.0,10735.0
2012-04-03 23:40:00,161710.0,161930.0,161710.0,161915.0,4873.0
2012-04-03 23:45:00,161920.0,162080.0,161895.0,161965.0,7266.0
2012-04-04 10:00:00,161050.0,161140.0,160680.0,160960.0,21747.0
2012-04-04 10:05:00,160960.0,161285.0,160730.0,160775.0,15023.0
2012-04-04 10:10:00,160775.0,161290.0,160705.0,161140.0,12414.0
2012-04-04 10:15:00,161140.0,161300.0,161015.0,161210.0,9291.0
2012-04-04 10:20:00,161230.0,161280.0,161075.0,161150.0,5306.0
2012-04-04 10:25:00,161150.0,161380.0,161130.0,161365.0,7861.0
2012-04-04 10:30:00,161360.0,161555.0,161355.0,161465.0,11799.0
2012-04-04 10:35:00,161455.0,161465.0,161050.0,161320.0,9991.0
2012-04-04 10:40:00,161305.0,161310.0,161110.0,161160.0,4840.0
2012-04-04 10:45:00,161140.0,161350.0,161060.0,161170.0,6603.0
2012-04-04 10:50:00,161170.0,161390.0,161130.0,161255.0,4366.0
2012-04-04 10:55:00,161265.0,161325.0,161155.0,161240.0,4411.0
2012-04-04 11:00:00,161265.0,161720.0,161215.0,161450.0,15670.0
2012-04-04 11:05:00,161450.0,161460.0,161000.0,161080.0,16504.0
2012-04-04 11:10:00,161075.0,161215.0,160935.0,161145.0,11470.0
2012-04-04 11:15:00,161140.0,161610.0,160985.0,161545.0,18513.0
2012-04-04 11:20:00,161520.0,161835.0,161385.0,161580.0,23553.0
2012-04-04 11:25:00,161590.0,161705.0,161340.0,161375.0,13296.0
2012-04-04 11:30:00,161365.0,161405.0,161045.0,161320.0,22773.0
2012-04-04 11:35:00,161310.0,161680.0,161250.0,161635.0,16449.0
2012-04-04 11:40:00,161635.0,161735.0,161485.0,161680.0,9611.0
2012-04-04 11:45:00,161670.0,161960.0,161480.0,161875.0,15182.0
2012-04-04 11:50:00,161870.0,161975.0,161705.0,161750.0,9473.0
2012-04-04 11:55:00,161760.0,161910.0,161655.0,161810.0,8810.0
2012-04-04 12:00:00,161815.0,161890.0,161225.0,161345.0,20063.0
2012-04-04 12:05:00,161350.0,161650.0,161140.0,161570.0,12242.0
2012-04-04 12:10:00,161555.0,161785.0,161460.0,161715.0,10847.0
2012-04-04 12:15:00,161715.0,161750.0,161465.0,161585.0,6580.0
2012-04-04 12:20:00,161590.0,162135.0,161535.0,162065.0,16356.0
2012-04-04 12:25:00,162055.0,162190.0,161875.0,161900.0,12443.0
2012-04-04 12:30:00,161905.0,162000.0,161375.0,161455.0,14004.0
2012-04-04 12:35:00,161485.0,161860.0,161345.0,161750.0,12696.0
2012-04-04 12:40:00,161750.0,161820.0,161230.0,161230.0,12445.0
2012-04-04 12:45:00,161235.0,161435.0,161175.0,161360.0,14468.0
2012-04-04 12:50:00,161350.0,161495.0,160545.0,160630.0,39255.0
2012-04-04 12:55:00,160635.0,160690.0,160210.0,160295.0,34629.0
2012-04-04 13:00:00,160305.0,160525.0,160085.0,160340.0,30981.0
2012-04-04 13:05:00,160340.0,160520.0,160200.0,160375.0,11843.0
2012-04-04 13:10:00,160385.0,160400.0,160140.0,160200.0,9973.0
2012-04-04 13:15:00,160200.0,160360.0,159800.0,159910.0,21980.0
2012-04-04 13:20:00,159910.0,160350.0,159870.0,160260.0,16237.0
2012-04-04 13:25:00,160260.0,160270.0,159830.0,159865.0,13792.0
2012-04-04 13:30:00,159870.0,160040.0,159600.0,159785.0,22723.0
2012-04-04 13:35:00,159780.0,159995.0,159705.0,159710.0,8902.0
2012-04-04 13:40:00,159710.0,160040.0,159700.0,159865.0,9933.0
2012-04-04 13:45:00,159870.0,160115.0,159870.0,160000.0,9059.0
2012-04-04 13:50:00,159990.0,159990.0,159695.0,159695.0,13915.0
2012-04-04 13:55:00,159705.0,159795.0,159570.0,159570.0,8950.0
2012-04-04 14:00:00,159570.0,159600.0,159300.0,159510.0,13274.0
2012-04-04 14:05:00,159500.0,159510.0,159170.0,159245.0,19800.0
2012-04-04 14:10:00,159235.0,159310.0,159150.0,159255.0,12422.0
2012-04-04 14:15:00,159255.0,159265.0,158975.0,159050.0,19840.0
2012-04-04 14:20:00,159045.0,159250.0,158950.0,159130.0,12388.0
2012-04-04 14:25:00,159130.0,159370.0,158920.0,159300.0,22029.0
2012-04-04 14:30:00,159300.0,159390.0,159130.0,159295.0,8263.0
2012-04-04 14:35:00,159300.0,159320.0,159140.0,159185.0,7295.0
2012-04-04 14:40:00,159185.0,159290.0,159140.0,159270.0,8390.0
2012-04-04 14:45:00,159275.0,159495.0,159270.0,159395.0,12831.0
2012-04-04 14:50:00,159395.0,159435.0,159150.0,159175.0,9322.0
2012-04-04 14:55:00,159185.0,159250.0,158760.0,158820.0,25795.0
2012-04-04 15:00:00,158825.0,158825.0,157865.0,158020.0,54956.0
2012-04-04 15:05:00,158020.0,158180.0,157805.0,158110.0,29085.0
2012-04-04 15:10:00,158075.0,158150.0,157430.0,157585.0,40247.0
2012-04-04 15:15:00,157600.0,157690.0,157210.0,157565.0,32658.0
2012-04-04 15:20:00,157555.0,157815.0,157520.0,157700.0,13216.0
2012-04-04 15:25:00,157700.0,157905.0,157605.0,157685.0,13206.0
2012-04-04 15:30:00,157675.0,157900.0,157575.0,157840.0,8226.0
2012-04-04 15:35:00,157850.0,157995.0,157730.0,157875.0,12431.0
2012-04-04 15:40:00,157865.0,157995.0,157850.0,157925.0,7790.0
2012-04-04 15:45:00,157955.0,158100.0,157785.0,157830.0,14018.0
2012-04-04 15:50:00,157815.0,158200.0,157775.0,158035.0,15178.0
2012-04-04 15:55:00,158030.0,158030.0,157525.0,157665.0,20771.0
2012-04-04 16:00:00,157660.0,157815.0,157560.0,157655.0,16771.0
2012-04-04 16:05:00,157655.0,157950.0,157580.0,157925.0,13276.0
2012-04-04 16:10:00,157935.0,158045.0,157800.0,158000.0,11967.0
2012-04-04 16:15:00,158000.0,158185.0,157750.0,158025.0,22350.0
2012-04-04 16:20:00,158020.0,158105.0,157810.0,157960.0,11661.0
2012-04-04 16:25:00,157970.0,158100.0,157800.0,157960.0,10365.0
2012-04-04 16:30:00,157955.0,158035.0,157675.0,157990.0,14966.0
2012-04-04 16:35:00,157975.0,158090.0,157505.0,157775.0,21419.0
2012-04-04 16:40:00,157770.0,157785.0,157355.0,157625.0,23414.0
2012-04-04 16:45:00,157620.0,157795.0,157525.0,157575.0,13244.0
2012-04-04 16:50:00,157585.0,157680.0,157415.0,157595.0,9269.0
2012-04-04 16:55:00,157600.0,157730.0,157400.0,157575.0,14233.0
2012-04-04 17:00:00,157580.0,157650.0,157505.0,157575.0,7583.0
2012-04-04 17:05:00,157565.0,157690.0,157540.0,157680.0,8784.0
2012-04-04 17:10:00,157680.0,157940.0,157585.0,157590.0,16619.0
2012-04-04 17:15:00,157590.0,157670.0,157510.0,157615.0,12716.0
2012-04-04 17:20:00,157615.0,157740.0,157535.0,157720.0,10573.0
2012-04-04 17:25:00,157705.0,157720.0,157530.0,157595.0,7987.0
2012-04-04 17:30:00,157595.0,157795.0,157385.0,157690.0,17424.0
2012-04-04 17:35:00,157710.0,158455.0,157660.0,158355.0,25966.0
2012-04-04 17:40:00,158355.0,158750.0,158120.0,158605.0,19111.0
2012-04-04 17:45:00,158645.0,158675.0,158195.0,158260.0,11254.0
2012-04-04 17:50:00,158240.0,158525.0,158130.0,158475.0,10963.0
2012-04-04 17:55:00,158475.0,158600.0,158325.0,158490.0,8108.0
2012-04-04 18:00:00,158480.0,158530.0,157910.0,158270.0,30356.0
2012-04-04 18:05:00,158270.0,158370.0,158100.0,158230.0,12008.0
2012-04-04 18:10:00,158225.0,158290.0,158130.0,158215.0,13246.0
2012-04-04 18:15:00,158215.0,158250.0,157950.0,158115.0,18798.0
2012-04-04 18:20:00,158115.0,158350.0,158040.0,158125.0,10183.0
2012-04-04 18:25:00,158145.0,158170.0,157565.0,157675.0,24052.0
2012-04-04 18:30:00,157660.0,157675.0,157075.0,157300.0,27713.0
2012-04-04 18:35:00,157300.0,157800.0,157225.0,157655.0,20116.0
2012-04-04 18:40:00,157665.0,157850.0,157485.0,157825.0,15630.0
2012-04-04 19:00:00,157650.0,157650.0,157100.0,157320.0,9963.0
2012-04-04 19:05:00,157335.0,157890.0,157265.0,157855.0,8482.0
2012-04-04 19:10:00,157855.0,157895.0,157670.0,157750.0,3742.0
2012-04-04 19:15:00,157760.0,157895.0,157700.0,157820.0,2696.0
2012-04-04 19:20:00,157810.0,157985.0,157665.0,157915.0,4189.0
2012-04-04 19:25:00,157920.0,157965.0,157720.0,157765.0,2559.0
2012-04-04 19:30:00,157755.0,158095.0,157735.0,158015.0,4385.0
2012-04-04 19:35:00,158015.0,158500.0,157975.0,158480.0,9454.0
2012-04-04 19:40:00,158475.0,158500.0,158300.0,158415.0,4067.0
2012-04-04 19:45:00,158405.0,158425.0,158055.0,158190.0,4038.0
2012-04-04 19:50:00,158200.0,158265.0,158105.0,158230.0,2456.0
2012-04-04 19:55:00,158215.0,158265.0,158045.0,158125.0,2842.0
2012-04-04 20:00:00,158115.0,158190.0,157860.0,157860.0,5117.0
2012-04-04 20:05:00,157860.0,158100.0,157825.0,158000.0,3091.0
2012-04-04 20:10:00,158020.0,158100.0,158000.0,158020.0,1436.0
2012-04-04 20:15:00,158025.0,158220.0,157965.0,158175.0,2864.0
2012-04-04 20:20:00,158165.0,158230.0,158150.0,158180.0,1790.0
2012-04-04 20:25:00,158180.0,158195.0,158060.0,158125.0,1968.0
2012-04-04 20:30:00,158090.0,158140.0,157890.0,157995.0,2247.0
2012-04-04 20:35:00,157995.0,158165.0,157965.0,158155.0,2366.0
2012-04-04 20:40:00,158155.0,158295.0,158135.0,158185.0,4039.0
2012-04-04 20:45:00,158185.0,158240.0,157990.0,158040.0,1755.0
2012-04-04 20:50:00,158045.0,158170.0,158045.0,158145.0,977.0
2012-04-04 20:55:00,158115.0,158175.0,158060.0,158125.0,781.0
2012-04-04 21:00:00,158125.0,158225.0,158015.0,158025.0,2082.0
2012-04-04 21:05:00,158025.0,158100.0,157900.0,157935.0,2212.0
2012-04-04 21:10:00,157935.0,158050.0,157850.0,157940.0,3201.0
2012-04-04 21:15:00,157950.0,158120.0,157900.0,158075.0,2418.0
2012-04-04 21:20:00,158085.0,158115.0,157945.0,157985.0,1879.0
2012-04-04 21:25:00,157985.0,157995.0,157700.0,157735.0,4208.0
2012-04-04 21:30:00,157725.0,157925.0,157690.0,157890.0,3299.0
2012-04-04 21:35:00,157890.0,157905.0,157800.0,157845.0,1371.0
2012-04-04 21:40:00,157845.0,158080.0,157830.0,158040.0,2281.0
2012-04-04 21:45:00,158025.0,158200.0,158025.0,158170.0,3158.0
2012-04-04 21:50:00,158170.0,158220.0,158065.0,158100.0,1829.0
2012-04-04 21:55:00,158100.0,158430.0,158070.0,158285.0,4365.0
2012-04-04 22:00:00,158295.0,158455.0,158165.0,158195.0,2816.0
2012-04-04 22:05:00,158195.0,158255.0,158125.0,158140.0,1775.0
2012-04-04 22:10:00,158145.0,158300.0,158135.0,158300.0,1058.0
2012-04-04 22:15:00,158300.0,158325.0,158100.0,158120.0,1563.0
2012-04-04 22:20:00,158120.0,158190.0,157965.0,158040.0,2639.0
2012-04-04 22:25:00,158040.0,158150.0,157975.0,158075.0,2235.0
2012-04-04 22:30:00,158080.0,158200.0,158025.0,158195.0,1895.0
2012-04-04 22:35:00,158195.0,158310.0,158100.0,158285.0,2380.0
2012-04-04 22:40:00,158305.0,158385.0,158190.0,158290.0,2751.0
2012-04-04 22:45:00,158305.0,158330.0,158205.0,158255.0,2077.0
2012-04-04 22:50:00,158250.0,158305.0,158100.0,158125.0,2393.0
2012-04-04 22:55:00,158125.0,158245.0,158125.0,158195.0,2118.0
2012-04-04 23:00:00,158190.0,158335.0,158180.0,158290.0,2230.0
2012-04-04 23:05:00,158280.0,158435.0,158215.0,158355.0,3597.0
2012-04-04 23:10:00,158350.0,158805.0,158325.0,158800.0,13556.0
2012-04-04 23:15:00,158800.0,158900.0,158680.0,158705.0,6098.0
2012-04-04 23:20:00,158705.0,158790.0,158640.0,158685.0,2169.0
2012-04-04 23:25:00,158690.0,158735.0,158610.0,158700.0,1834.0
2012-04-04 23:30:00,158700.0,158860.0,158680.0,158860.0,3408.0
2012-04-04 23:35:00,158860.0,159000.0,158805.0,158995.0,8226.0
2012-04-04 23:40:00,159000.0,159130.0,158950.0,159100.0,7710.0
2012-04-04 23:45:00,159095.0,159220.0,159095.0,159200.0,9011.0
2012-04-05 10:00:00,159450.0,159460.0,159100.0,159350.0,14851.0
2012-04-05 10:05:00,159355.0,159370.0,159150.0,159160.0,9948.0
2012-04-05 10:10:00,159170.0,159175.0,158935.0,159095.0,12330.0
2012-04-05 10:15:00,159095.0,159140.0,158845.0,158930.0,7559.0
2012-04-05 10:20:00,158930.0,159240.0,158930.0,159195.0,6320.0
2012-04-05 10:25:00,159195.0,159375.0,159180.0,159265.0,6374.0
2012-04-05 10:30:00,159280.0,159360.0,159100.0,159250.0,6659.0
2012-04-05 10:35:00,159245.0,159295.0,159145.0,159165.0,3289.0
2012-04-05 10:40:00,159170.0,159235.0,158920.0,159220.0,7795.0
2012-04-05 10:45:00,159210.0,159235.0,158950.0,159100.0,6650.0
2012-04-05 10:50:00,159100.0,159355.0,159100.0,159300.0,8249.0
2012-04-05 10:55:00,159300.0,159630.0,159280.0,159510.0,13974.0
2012-04-05 11:00:00,159510.0,159685.0,159370.0,159465.0,12073.0
2012-04-05 11:05:00,159450.0,159630.0,159435.0,159510.0,6892.0
2012-04-05 11:10:00,159495.0,159595.0,159305.0,159305.0,10160.0
2012-04-05 11:15:00,159320.0,159575.0,158560.0,158675.0,38909.0
2012-04-05 11:20:00,158675.0,158705.0,158355.0,158375.0,20300.0
2012-04-05 11:25:00,158385.0,158450.0,158115.0,158420.0,24279.0
2012-04-05 11:30:00,158420.0,158420.0,157760.0,157870.0,25296.0
2012-04-05 11:35:00,157875.0,158180.0,157815.0,158055.0,14659.0
2012-04-05 11:40:00,158040.0,158390.0,158035.0,158335.0,10436.0
2012-04-05 11:45:00,158330.0,158365.0,158075.0,158245.0,7250.0
2012-04-05 11:50:00,158245.0,158495.0,158190.0,158460.0,11359.0
2012-04-05 11:55:00,158450.0,158695.0,158395.0,158500.0,13595.0
2012-04-05 12:00:00,158495.0,158880.0,158485.0,158860.0,17689.0
2012-04-05 12:05:00,158835.0,158870.0,158270.0,158275.0,16606.0
2012-04-05 12:10:00,158270.0,158550.0,158160.0,158175.0,13037.0
2012-04-05 12:15:00,158185.0,158365.0,157850.0,158065.0,17546.0
2012-04-05 12:20:00,158065.0,158465.0,157845.0,158435.0,11453.0
2012-04-05 12:25:00,158435.0,158475.0,157770.0,157770.0,20039.0
2012-04-05 12:30:00,157770.0,158190.0,157625.0,157905.0,24056.0
2012-04-05 12:35:00,157900.0,157920.0,157405.0,157555.0,21357.0
2012-04-05 12:40:00,157555.0,157600.0,157265.0,157395.0,17139.0
2012-04-05 12:45:00,157390.0,157580.0,157000.0,157125.0,19947.0
2012-04-05 12:50:00,157125.0,157430.0,156875.0,157380.0,22944.0
2012-04-05 12:55:00,157385.0,157745.0,157380.0,157635.0,16583.0
2012-04-05 13:00:00,157635.0,157825.0,157520.0,157765.0,11682.0
2012-04-05 13:05:00,157765.0,157850.0,157610.0,157675.0,9191.0
2012-04-05 13:10:00,157690.0,157720.0,157450.0,157455.0,8075.0
2012-04-05 13:15:00,157465.0,157615.0,157130.0,157465.0,13287.0
2012-04-05 13:20:00,157455.0,157500.0,156960.0,157175.0,15003.0
2012-04-05 13:25:00,157160.0,157400.0,157090.0,157265.0,10289.0
2012-04-05 13:30:00,157270.0,157295.0,156750.0,156865.0,20229.0
2012-04-05 13:35:00,156875.0,156885.0,156345.0,156345.0,23040.0
2012-04-05 13:40:00,156345.0,156740.0,156280.0,156285.0,19576.0
2012-04-05 13:45:00,156290.0,156505.0,156125.0,156345.0,21900.0
2012-04-05 13:50:00,156345.0,156450.0,156160.0,156285.0,17740.0
2012-04-05 13:55:00,156290.0,156480.0,156250.0,156260.0,9153.0
2012-04-05 14:00:00,156255.0,156255.0,155520.0,155680.0,15734.0
2012-04-05 14:05:00,155680.0,155965.0,155485.0,155900.0,15268.0
2012-04-05 14:10:00,155900.0,155935.0,155590.0,155830.0,10259.0
2012-04-05 14:15:00,155845.0,155975.0,155740.0,155795.0,7666.0
2012-04-05 14:20:00,155800.0,156335.0,155740.0,156130.0,14323.0
2012-04-05 14:25:00,156120.0,156175.0,156000.0,156125.0,6700.0
2012-04-05 14:30:00,156130.0,156445.0,156070.0,156400.0,8334.0
2012-04-05 14:35:00,156400.0,156440.0,156265.0,156315.0,6885.0
2012-04-05 14:40:00,156310.0,156365.0,156100.0,156260.0,5855.0
2012-04-05 14:45:00,156255.0,156445.0,156160.0,156400.0,6244.0
2012-04-05 14:50:00,156385.0,156930.0,156350.0,156910.0,18164.0
2012-04-05 14:55:00,156930.0,156955.0,156695.0,156825.0,9525.0
2012-04-05 15:00:00,156825.0,156855.0,156505.0,156530.0,9408.0
2012-04-05 15:05:00,156510.0,156830.0,156505.0,156745.0,8679.0
2012-04-05 15:10:00,156750.0,156825.0,156460.0,156580.0,9525.0
2012-04-05 15:15:00,156580.0,156865.0,156480.0,156755.0,7582.0
2012-04-05 15:20:00,156750.0,156880.0,156735.0,156825.0,2896.0
2012-04-05 15:25:00,156815.0,157315.0,156765.0,157240.0,20768.0
2012-04-05 15:30:00,157235.0,157280.0,156840.0,157040.0,10991.0
2012-04-05 15:35:00,157040.0,157090.0,156655.0,156740.0,7277.0
2012-04-05 15:40:00,156725.0,156780.0,156555.0,156755.0,7862.0
2012-04-05 15:45:00,156760.0,156935.0,156740.0,156825.0,5168.0
2012-04-05 15:50:00,156835.0,157140.0,156825.0,156940.0,7547.0
2012-04-05 15:55:00,156935.0,157410.0,156860.0,157235.0,10641.0
2012-04-05 16:00:00,157240.0,157285.0,157000.0,157020.0,7471.0
2012-04-05 16:05:00,157005.0,157190.0,156835.0,156900.0,7037.0
2012-04-05 16:10:00,156885.0,156920.0,156655.0,156855.0,8893.0
2012-04-05 16:15:00,156860.0,156990.0,156755.0,156795.0,6048.0
2012-04-05 16:20:00,156795.0,156855.0,156585.0,156760.0,9656.0
2012-04-05 16:25:00,156760.0,157090.0,156750.0,157055.0,10183.0
2012-04-05 16:30:00,157055.0,158000.0,156975.0,157860.0,41808.0
2012-04-05 16:35:00,157850.0,158000.0,157215.0,157515.0,23950.0
2012-04-05 16:40:00,157515.0,157785.0,157415.0,157725.0,15855.0
2012-04-05 16:45:00,157720.0,158350.0,157700.0,158000.0,34241.0
2012-04-05 16:50:00,158000.0,158035.0,157700.0,157875.0,10862.0
2012-04-05 16:55:00,157875.0,157945.0,157600.0,157810.0,10345.0
2012-04-05 17:00:00,157810.0,158275.0,157735.0,157975.0,15939.0
2012-04-05 17:05:00,157975.0,158085.0,157760.0,157765.0,7545.0
2012-04-05 17:10:00,157770.0,157850.0,157400.0,157465.0,13745.0
2012-04-05 17:15:00,157440.0,157630.0,157400.0,157430.0,7036.0
2012-04-05 17:20:00,157450.0,157760.0,157400.0,157535.0,10010.0
2012-04-05 17:25:00,157540.0,157950.0,157495.0,157830.0,8147.0
2012-04-05 17:30:00,157805.0,158200.0,157750.0,158090.0,21642.0
2012-04-05 17:35:00,158090.0,158125.0,157650.0,158025.0,20061.0
2012-04-05 17:40:00,158015.0,158445.0,157950.0,158395.0,19592.0
2012-04-05 17:45:00,158395.0,159000.0,158390.0,158840.0,36746.0
2012-04-05 17:50:00,158840.0,159190.0,158815.0,159000.0,23973.0
2012-04-05 17:55:00,158990.0,159070.0,158830.0,158950.0,14211.0
2012-04-05 18:00:00,158950.0,159620.0,158940.0,159335.0,33190.0
2012-04-05 18:05:00,159335.0,159600.0,159320.0,159435.0,20655.0
2012-04-05 18:10:00,159435.0,159535.0,159065.0,159090.0,15491.0
2012-04-05 18:15:00,159090.0,159205.0,158935.0,159150.0,11393.0
2012-04-05 18:20:00,159150.0,159285.0,159100.0,159145.0,13158.0
2012-04-05 18:25:00,159135.0,159550.0,159105.0,159420.0,17714.0
2012-04-05 18:30:00,159410.0,159750.0,159365.0,159460.0,19627.0
2012-04-05 18:35:00,159465.0,159495.0,159165.0,159490.0,15779.0
2012-04-05 18:40:00,159495.0,159655.0,159355.0,159485.0,14324.0
2012-04-05 19:00:00,159600.0,160305.0,159600.0,160070.0,20585.0
2012-04-05 19:05:00,160070.0,160365.0,159965.0,160340.0,10775.0
2012-04-05 19:10:00,160335.0,160390.0,160230.0,160335.0,6599.0
2012-04-05 19:15:00,160335.0,160340.0,160015.0,160035.0,5334.0
2012-04-05 19:20:00,160035.0,160140.0,159950.0,159970.0,4511.0
2012-04-05 19:25:00,159960.0,160165.0,159920.0,160075.0,3459.0
2012-04-05 19:30:00,160075.0,160190.0,159905.0,159915.0,3957.0
2012-04-05 19:35:00,159915.0,159970.0,159870.0,159945.0,2913.0
2012-04-05 19:40:00,159940.0,160170.0,159905.0,159910.0,2954.0
2012-04-05 19:45:00,159930.0,160130.0,159860.0,159865.0,3790.0
2012-04-05 19:50:00,159860.0,159945.0,159725.0,159765.0,4532.0
2012-04-05 19:55:00,159775.0,160175.0,159760.0,160170.0,5065.0
2012-04-05 20:00:00,160165.0,160385.0,160150.0,160190.0,6429.0
2012-04-05 20:05:00,160190.0,160250.0,160065.0,160080.0,2630.0
2012-04-05 20:10:00,160075.0,160150.0,160000.0,160020.0,2201.0
2012-04-05 20:15:00,160020.0,160110.0,159955.0,160050.0,2483.0
2012-04-05 20:20:00,160050.0,160245.0,159955.0,160245.0,2162.0
2012-04-05 20:25:00,160230.0,160245.0,160020.0,160085.0,2015.0
2012-04-05 20:30:00,160085.0,160125.0,159975.0,160080.0,1681.0
2012-04-05 20:35:00,160080.0,160150.0,159900.0,159915.0,2344.0
2012-04-05 20:40:00,159915.0,160020.0,159905.0,159950.0,1365.0
2012-04-05 20:45:00,159975.0,159995.0,159850.0,159910.0,1438.0
2012-04-05 20:50:00,159920.0,160050.0,159890.0,160010.0,1453.0
2012-04-05 20:55:00,160005.0,160030.0,159975.0,160020.0,789.0
2012-04-05 21:00:00,160020.0,160145.0,160005.0,160035.0,3053.0
2012-04-05 21:05:00,160035.0,160055.0,159815.0,159860.0,2447.0
2012-04-05 21:10:00,159850.0,159970.0,159850.0,159940.0,865.0
2012-04-05 21:15:00,159940.0,160050.0,159825.0,159925.0,1841.0
2012-04-05 21:20:00,159910.0,160035.0,159905.0,159950.0,1084.0
2012-04-05 21:25:00,159950.0,160030.0,159935.0,159940.0,897.0
2012-04-05 21:30:00,159935.0,159965.0,159875.0,159885.0,1865.0
2012-04-05 21:35:00,159900.0,159995.0,159885.0,159970.0,712.0
2012-04-05 21:40:00,159965.0,159985.0,159880.0,159935.0,1340.0
2012-04-05 21:45:00,159930.0,159935.0,159525.0,159575.0,6484.0
2012-04-05 21:50:00,159590.0,159680.0,159220.0,159425.0,7491.0
2012-04-05 21:55:00,159440.0,159440.0,159100.0,159340.0,6377.0
2012-04-05 22:00:00,159325.0,159340.0,159065.0,159170.0,7941.0
2012-04-05 22:05:00,159160.0,159220.0,159065.0,159170.0,2375.0
2012-04-05 22:10:00,159180.0,159235.0,159130.0,159180.0,1486.0
2012-04-05 22:15:00,159180.0,159435.0,159025.0,159365.0,4976.0
2012-04-05 22:20:00,159365.0,159560.0,159345.0,159535.0,3539.0
2012-04-05 22:25:00,159535.0,159535.0,159300.0,159410.0,2893.0
2012-04-05 22:30:00,159430.0,159550.0,159215.0,159305.0,3468.0
2012-04-05 22:35:00,159305.0,159500.0,159305.0,159350.0,2219.0
2012-04-05 22:40:00,159350.0,159445.0,159330.0,159375.0,903.0
2012-04-05 22:45:00,159375.0,159545.0,159360.0,159460.0,1345.0
2012-04-05 22:50:00,159460.0,159735.0,159380.0,159705.0,4051.0
2012-04-05 22:55:00,159705.0,159780.0,159600.0,159615.0,3005.0
2012-04-05 23:00:00,159620.0,159650.0,159510.0,159635.0,1914.0
2012-04-05 23:05:00,159635.0,159795.0,159620.0,159715.0,2673.0
2012-04-05 23:10:00,159710.0,159725.0,159450.0,159605.0,3200.0
2012-04-05 23:15:00,159605.0,159765.0,159605.0,159725.0,2476.0
2012-04-05 23:20:00,159740.0,160020.0,159725.0,159930.0,5174.0
2012-04-05 23:25:00,159930.0,160225.0,159900.0,160190.0,4743.0
2012-04-05 23:30:00,160205.0,160275.0,160000.0,160055.0,4219.0
2012-04-05 23:35:00,160055.0,160250.0,160040.0,160215.0,3107.0
2012-04-05 23:40:00,160215.0,160330.0,160155.0,160250.0,4087.0
2012-04-05 23:45:00,160275.0,160400.0,160050.0,160340.0,8654.0
2012-04-06 10:00:00,160260.0,160305.0,159635.0,159750.0,10918.0
2012-04-06 10:05:00,159735.0,159925.0,159575.0,159680.0,8009.0
2012-04-06 10:10:00,159675.0,159845.0,159545.0,159655.0,7352.0
2012-04-06 10:15:00,159635.0,159800.0,159605.0,159715.0,4367.0
2012-04-06 10:20:00,159735.0,159895.0,159670.0,159855.0,3672.0
2012-04-06 10:25:00,159840.0,159980.0,159715.0,159810.0,4136.0
2012-04-06 10:30:00,159825.0,159895.0,159205.0,159290.0,14317.0
2012-04-06 10:35:00,159290.0,159380.0,159150.0,159265.0,9116.0
2012-04-06 10:40:00,159260.0,159485.0,159165.0,159435.0,5277.0
2012-04-06 10:45:00,159440.0,159545.0,159285.0,159490.0,4764.0
2012-04-06 10:50:00,159485.0,159575.0,159450.0,159510.0,2468.0
2012-04-06 10:55:00,159520.0,159755.0,159365.0,159720.0,6943.0
2012-04-06 11:00:00,159695.0,159855.0,159625.0,159780.0,6671.0
2012-04-06 11:05:00,159770.0,159895.0,159715.0,159765.0,5429.0
2012-04-06 11:10:00,159785.0,159795.0,159650.0,159715.0,2151.0
2012-04-06 11:15:00,159725.0,159835.0,159275.0,159295.0,9322.0
2012-04-06 11:20:00,159295.0,159520.0,159235.0,159515.0,3860.0
2012-04-06 11:25:00,159500.0,159610.0,159435.0,159465.0,2787.0
2012-04-06 11:30:00,159465.0,159695.0,159435.0,159470.0,3256.0
2012-04-06 11:35:00,159490.0,159735.0,159360.0,159705.0,3697.0
2012-04-06 11:40:00,159705.0,159750.0,159435.0,159445.0,4119.0
2012-04-06 11:45:00,159455.0,159685.0,159310.0,159600.0,6197.0
2012-04-06 11:50:00,159585.0,159620.0,159500.0,159600.0,1710.0
2012-04-06 11:55:00,159605.0,159620.0,159465.0,159510.0,2046.0
2012-04-06 12:00:00,159560.0,159675.0,159365.0,159615.0,6852.0
2012-04-06 12:05:00,159620.0,159695.0,159590.0,159670.0,1540.0
2012-04-06 12:10:00,159670.0,159695.0,159580.0,159625.0,1102.0
2012-04-06 12:15:00,159620.0,159670.0,159455.0,159585.0,2285.0
2012-04-06 12:20:00,159580.0,159585.0,159420.0,159515.0,1722.0
2012-04-06 12:25:00,159520.0,159590.0,159485.0,159520.0,1071.0
2012-04-06 12:30:00,159520.0,159540.0,159420.0,159475.0,1559.0
2012-04-06 12:35:00,159485.0,159500.0,159255.0,159355.0,3356.0
2012-04-06 12:40:00,159365.0,159490.0,159305.0,159320.0,3131.0
2012-04-06 12:45:00,159325.0,159435.0,159300.0,159385.0,2061.0
2012-04-06 12:50:00,159380.0,159480.0,159315.0,159460.0,1691.0
2012-04-06 12:55:00,159455.0,159475.0,159275.0,159395.0,1684.0
2012-04-06 13:00:00,159385.0,159470.0,159360.0,159465.0,1755.0
2012-04-06 13:05:00,159460.0,159640.0,159450.0,159625.0,3794.0
2012-04-06 13:10:00,159625.0,159675.0,159545.0,159635.0,1774.0
2012-04-06 13:15:00,159615.0,159695.0,159535.0,159595.0,1931.0
2012-04-06 13:20:00,159595.0,159645.0,159560.0,159570.0,1024.0
2012-04-06 13:25:00,159570.0,159680.0,159560.0,159680.0,1324.0
2012-04-06 13:30:00,159680.0,159770.0,159625.0,159690.0,2716.0
2012-04-06 13:35:00,159685.0,159695.0,159575.0,159575.0,1531.0
2012-04-06 13:40:00,159575.0,159575.0,159460.0,159540.0,1968.0
2012-04-06 13:45:00,159545.0,159550.0,159440.0,159465.0,1398.0
2012-04-06 13:50:00,159450.0,159595.0,159420.0,159530.0,1628.0
2012-04-06 13:55:00,159530.0,159595.0,159530.0,159555.0,532.0
2012-04-06 14:00:00,159560.0,159645.0,159525.0,159630.0,785.0
2012-04-06 14:05:00,159630.0,159645.0,159560.0,159595.0,1474.0
2012-04-06 14:10:00,159590.0,159590.0,159500.0,159500.0,1392.0
2012-04-06 14:15:00,159515.0,159585.0,159515.0,159560.0,732.0
2012-04-06 14:20:00,159560.0,159635.0,159525.0,159625.0,1003.0
2012-04-06 14:25:00,159630.0,159630.0,159580.0,159600.0,452.0
2012-04-06 14:30:00,159600.0,159600.0,159555.0,159595.0,567.0
2012-04-06 14:35:00,159595.0,159600.0,159510.0,159545.0,719.0
2012-04-06 14:40:00,159555.0,159555.0,159480.0,159520.0,768.0
2012-04-06 14:45:00,159525.0,159555.0,159500.0,159555.0,372.0
2012-04-06 14:50:00,159550.0,159560.0,159460.0,159500.0,1089.0
2012-04-06 14:55:00,159505.0,159540.0,159430.0,159480.0,1680.0
2012-04-06 15:00:00,159480.0,159490.0,159210.0,159330.0,6687.0
2012-04-06 15:05:00,159310.0,159370.0,159290.0,159345.0,1260.0
2012-04-06 15:10:00,159340.0,159370.0,159310.0,159330.0,477.0
2012-04-06 15:15:00,159330.0,159380.0,159265.0,159315.0,1160.0
2012-04-06 15:20:00,159315.0,159330.0,158475.0,158845.0,20892.0
2012-04-06 15:25:00,158840.0,158975.0,158650.0,158675.0,7481.0
2012-04-06 15:30:00,158680.0,158740.0,158510.0,158705.0,7530.0
2012-04-06 15:35:00,158705.0,158960.0,158700.0,158820.0,4536.0
2012-04-06 15:40:00,158820.0,158950.0,158820.0,158935.0,1587.0
2012-04-06 15:45:00,158935.0,159030.0,158780.0,158980.0,3452.0
2012-04-06 15:50:00,158975.0,159175.0,158970.0,159040.0,5072.0
2012-04-06 15:55:00,159055.0,159110.0,158865.0,159055.0,4309.0
2012-04-06 16:00:00,159055.0,159080.0,158780.0,158895.0,3919.0
2012-04-06 16:05:00,158890.0,158940.0,158820.0,158830.0,1399.0
2012-04-06 16:10:00,158830.0,158940.0,158820.0,158905.0,1653.0
2012-04-06 16:15:00,158905.0,159050.0,158860.0,158915.0,2096.0
2012-04-06 16:20:00,158915.0,159060.0,158815.0,158950.0,3307.0
2012-04-06 16:25:00,158965.0,159040.0,158890.0,158895.0,2455.0
2012-04-06 16:30:00,158905.0,158905.0,157540.0,157865.0,66827.0
2012-04-06 16:35:00,157865.0,157910.0,157165.0,157415.0,26813.0
2012-04-06 16:40:00,157425.0,157580.0,156630.0,156790.0,38133.0
2012-04-06 16:45:00,156795.0,157135.0,156500.0,156815.0,30112.0
2012-04-06 16:50:00,156815.0,157100.0,156635.0,156700.0,15108.0
2012-04-06 16:55:00,156710.0,156950.0,156325.0,156640.0,25050.0
2012-04-06 17:00:00,156640.0,156655.0,156330.0,156390.0,17809.0
2012-04-06 17:05:00,156390.0,156515.0,156130.0,156370.0,23833.0
2012-04-06 17:10:00,156395.0,156395.0,155965.0,156255.0,28723.0
2012-04-06 17:15:00,156255.0,156685.0,156175.0,156525.0,10413.0
2012-04-06 17:20:00,156525.0,156640.0,156400.0,156450.0,4900.0
2012-04-06 17:25:00,156445.0,156460.0,156050.0,156165.0,10025.0
2012-04-06 17:30:00,156145.0,156540.0,156085.0,156415.0,6589.0
2012-04-06 17:35:00,156425.0,156435.0,156230.0,156395.0,2785.0
2012-04-06 17:40:00,156400.0,156600.0,156315.0,156525.0,7035.0
2012-04-06 17:45:00,156525.0,156600.0,156400.0,156515.0,4374.0
2012-04-06 17:50:00,156515.0,156530.0,156230.0,156345.0,7440.0
2012-04-06 17:55:00,156340.0,156445.0,156270.0,156300.0,3884.0
2012-04-06 18:00:00,156295.0,156345.0,155820.0,155845.0,14023.0
2012-04-06 18:05:00,155845.0,156045.0,155655.0,155835.0,14430.0
2012-04-06 18:10:00,155845.0,155970.0,155700.0,155830.0,5805.0
2012-04-06 18:15:00,155830.0,155850.0,155605.0,155800.0,7230.0
2012-04-06 18:20:00,155800.0,156050.0,155750.0,155920.0,7058.0
2012-04-06 18:25:00,155925.0,155975.0,155810.0,155845.0,3230.0
2012-04-06 18:30:00,155840.0,155995.0,155725.0,155725.0,7397.0
2012-04-06 18:35:00,155735.0,156000.0,155630.0,155940.0,8760.0
2012-04-06 18:40:00,155915.0,156095.0,155770.0,155825.0,9426.0
2012-04-06 19:00:00,155805.0,155975.0,155645.0,155855.0,2440.0
2012-04-06 19:05:00,155855.0,156075.0,155200.0,155995.0,9758.0
2012-04-06 19:10:00,156000.0,156080.0,155705.0,155735.0,4046.0
2012-04-06 19:15:00,155735.0,155970.0,155560.0,155755.0,3632.0
2012-04-06 19:20:00,155745.0,155910.0,155740.0,155850.0,1093.0
2012-04-06 19:25:00,155850.0,155860.0,155635.0,155790.0,1745.0
2012-04-06 19:30:00,155790.0,155925.0,155740.0,155805.0,1949.0
2012-04-06 19:35:00,155810.0,155985.0,155800.0,155935.0,1528.0
2012-04-06 19:40:00,155945.0,155975.0,155880.0,155900.0,659.0
2012-04-06 19:45:00,155900.0,155945.0,155865.0,155880.0,1176.0
2012-04-06 19:50:00,155885.0,156000.0,155800.0,155910.0,2483.0
2012-04-06 19:55:00,155915.0,156000.0,155830.0,155845.0,2795.0
2012-04-06 20:00:00,155845.0,156435.0,155845.0,156125.0,8368.0
2012-04-06 20:05:00,156130.0,156270.0,156105.0,156250.0,1248.0
2012-04-06 20:10:00,156250.0,156280.0,156175.0,156230.0,691.0
2012-04-06 20:15:00,156230.0,156260.0,156190.0,156200.0,726.0
2012-04-06 20:20:00,156200.0,156220.0,156150.0,156180.0,372.0
2012-04-06 20:25:00,156200.0,156240.0,156180.0,156210.0,271.0
2012-04-06 20:30:00,156225.0,156240.0,156175.0,156220.0,393.0
2012-04-06 20:35:00,156220.0,156220.0,156175.0,156190.0,368.0
2012-04-06 20:40:00,156185.0,156195.0,156020.0,156125.0,1110.0
2012-04-06 20:45:00,156125.0,156130.0,156065.0,156110.0,353.0
2012-04-06 20:50:00,156100.0,156115.0,156035.0,156055.0,514.0
2012-04-06 20:55:00,156040.0,156060.0,156015.0,156020.0,478.0
2012-04-06 21:00:00,156025.0,156055.0,155630.0,155870.0,4653.0
2012-04-06 21:05:00,155855.0,155930.0,155785.0,155900.0,706.0
2012-04-06 21:10:00,155900.0,155930.0,155790.0,155915.0,887.0
2012-04-06 21:15:00,155910.0,155975.0,155865.0,155975.0,710.0
2012-04-06 21:20:00,155975.0,155975.0,155870.0,155890.0,609.0
2012-04-06 21:25:00,155890.0,155930.0,155870.0,155910.0,177.0
2012-04-06 21:30:00,155890.0,155920.0,155870.0,155880.0,143.0
2012-04-06 21:35:00,155880.0,155900.0,155870.0,155900.0,204.0
2012-04-06 21:40:00,155885.0,155895.0,155870.0,155875.0,178.0
2012-04-06 21:45:00,155890.0,155940.0,155870.0,155935.0,784.0
2012-04-06 21:50:00,155915.0,155935.0,155850.0,155870.0,294.0
2012-04-06 21:55:00,155870.0,156000.0,155870.0,156000.0,1067.0
2012-04-06 22:00:00,155990.0,156045.0,155905.0,155960.0,739.0
2012-04-06 22:05:00,155955.0,155960.0,155905.0,155930.0,132.0
2012-04-06 22:10:00,155930.0,155985.0,155920.0,155970.0,332.0
2012-04-06 22:15:00,155960.0,156000.0,155955.0,156000.0,189.0
2012-04-06 22:20:00,156000.0,156160.0,156000.0,156155.0,1363.0
2012-04-06 22:25:00,156140.0,156200.0,156090.0,156115.0,930.0
2012-04-06 22:30:00,156115.0,156140.0,156075.0,156135.0,500.0
2012-04-06 22:35:00,156125.0,156170.0,156025.0,156085.0,580.0
2012-04-06 22:40:00,156085.0,156130.0,156070.0,156105.0,212.0
2012-04-06 22:45:00,156105.0,156180.0,156100.0,156115.0,607.0
2012-04-06 22:50:00,156135.0,156200.0,156080.0,156090.0,590.0
2012-04-06 22:55:00,156090.0,156130.0,156050.0,156120.0,448.0
2012-04-06 23:00:00,156120.0,156185.0,156110.0,156125.0,474.0
2012-04-06 23:05:00,156125.0,156175.0,156120.0,156155.0,165.0
2012-04-06 23:10:00,156155.0,156165.0,156120.0,156120.0,201.0
2012-04-06 23:15:00,156130.0,156155.0,156130.0,156140.0,127.0
2012-04-06 23:20:00,156150.0,156155.0,156130.0,156130.0,179.0
2012-04-06 23:25:00,156130.0,156150.0,156105.0,156125.0,425.0
2012-04-06 23:30:00,156110.0,156300.0,156110.0,156235.0,2693.0
2012-04-06 23:35:00,156235.0,156460.0,156235.0,156330.0,2545.0
2012-04-06 23:40:00,156345.0,156640.0,156345.0,156400.0,4050.0
2012-04-06 23:45:00,156395.0,156630.0,156310.0,156550.0,5991.0
2012-04-09 10:00:00,155695.0,156220.0,155560.0,155980.0,19796.0
2012-04-09 10:05:00,156000.0,156055.0,155880.0,156000.0,8420.0
2012-04-09 10:10:00,156015.0,156040.0,155835.0,155845.0,9636.0
2012-04-09 10:15:00,155835.0,156030.0,155825.0,155975.0,6264.0
2012-04-09 10:20:00,155970.0,156040.0,155830.0,155925.0,3528.0
2012-04-09 10:25:00,155930.0,156180.0,155830.0,156175.0,5887.0
2012-04-09 10:30:00,156165.0,156680.0,156150.0,156325.0,17701.0
2012-04-09 10:35:00,156310.0,156540.0,156235.0,156490.0,6119.0
2012-04-09 10:40:00,156495.0,156510.0,156115.0,156220.0,6023.0
2012-04-09 10:45:00,156220.0,156485.0,156040.0,156100.0,8433.0
2012-04-09 10:50:00,156100.0,156175.0,155725.0,155870.0,12430.0
2012-04-09 10:55:00,155865.0,155875.0,155145.0,155185.0,25200.0
2012-04-09 11:00:00,155185.0,155405.0,154430.0,154465.0,39707.0
2012-04-09 11:05:00,154480.0,154840.0,154325.0,154735.0,21905.0
2012-04-09 11:10:00,154740.0,154740.0,154125.0,154230.0,21675.0
2012-04-09 11:15:00,154235.0,154245.0,153550.0,153625.0,43704.0
2012-04-09 11:20:00,153620.0,153825.0,153245.0,153745.0,32991.0
2012-04-09 11:25:00,153750.0,153980.0,153680.0,153925.0,13449.0
2012-04-09 11:30:00,153925.0,154800.0,153900.0,154665.0,28823.0
2012-04-09 11:35:00,154665.0,154670.0,153935.0,154200.0,16926.0
2012-04-09 11:40:00,154215.0,154385.0,154010.0,154370.0,8218.0
2012-04-09 11:45:00,154365.0,154560.0,154100.0,154370.0,10266.0
2012-04-09 11:50:00,154370.0,154485.0,154120.0,154340.0,5750.0
2012-04-09 11:55:00,154330.0,154500.0,153835.0,153975.0,11856.0
2012-04-09 12:00:00,153960.0,154170.0,153730.0,154050.0,18357.0
2012-04-09 12:05:00,154050.0,154400.0,154000.0,154395.0,11525.0
2012-04-09 12:10:00,154395.0,154395.0,154100.0,154320.0,5598.0
2012-04-09 12:15:00,154315.0,154390.0,154035.0,154250.0,5751.0
2012-04-09 12:20:00,154270.0,154285.0,153955.0,154070.0,5550.0
2012-04-09 12:25:00,154070.0,154215.0,154025.0,154185.0,3499.0
2012-04-09 12:30:00,154205.0,154485.0,154010.0,154315.0,11036.0
2012-04-09 12:35:00,154310.0,154310.0,154055.0,154155.0,5605.0
2012-04-09 12:40:00,154170.0,154360.0,154055.0,154065.0,3929.0
2012-04-09 12:45:00,154075.0,154355.0,153920.0,154240.0,10648.0
2012-04-09 12:50:00,154230.0,154400.0,154165.0,154360.0,6143.0
2012-04-09 12:55:00,154370.0,154420.0,154170.0,154250.0,4620.0
2012-04-09 13:00:00,154250.0,154500.0,154250.0,154440.0,8487.0
2012-04-09 13:05:00,154425.0,154960.0,154400.0,154795.0,17547.0
2012-04-09 13:10:00,154785.0,154950.0,154665.0,154855.0,8964.0
2012-04-09 13:15:00,154860.0,155290.0,154845.0,155200.0,23564.0
2012-04-09 13:20:00,155180.0,155220.0,154775.0,154830.0,8764.0
2012-04-09 13:25:00,154820.0,154890.0,154550.0,154585.0,9242.0
2012-04-09 13:30:00,154580.0,154850.0,154580.0,154715.0,4566.0
2012-04-09 13:35:00,154725.0,154740.0,154140.0,154250.0,14176.0
2012-04-09 13:40:00,154250.0,154360.0,154055.0,154265.0,8679.0
2012-04-09 13:45:00,154265.0,154285.0,153800.0,154045.0,17796.0
2012-04-09 13:50:00,154050.0,154345.0,154000.0,154145.0,7228.0
2012-04-09 13:55:00,154140.0,154325.0,154110.0,154320.0,4041.0
2012-04-09 14:00:00,154320.0,154385.0,154180.0,154280.0,3066.0
2012-04-09 14:05:00,154285.0,154400.0,154100.0,154170.0,4514.0
2012-04-09 14:10:00,154175.0,154220.0,153995.0,154220.0,4928.0
2012-04-09 14:15:00,154210.0,154325.0,154050.0,154325.0,3808.0
2012-04-09 14:20:00,154320.0,154540.0,154295.0,154345.0,6350.0
2012-04-09 14:25:00,154345.0,154390.0,154000.0,154230.0,7106.0
2012-04-09 14:30:00,154210.0,154345.0,154000.0,154180.0,6440.0
2012-04-09 14:35:00,154180.0,154245.0,154110.0,154175.0,1899.0
2012-04-09 14:40:00,154175.0,154190.0,153860.0,153950.0,4292.0
2012-04-09 14:45:00,153930.0,154195.0,153870.0,154130.0,5424.0
2012-04-09 14:50:00,154120.0,154220.0,154095.0,154190.0,1683.0
2012-04-09 14:55:00,154195.0,154370.0,154070.0,154350.0,2442.0
2012-04-09 15:00:00,154345.0,154480.0,154230.0,154420.0,4857.0
2012-04-09 15:05:00,154420.0,154875.0,154405.0,154760.0,13016.0
2012-04-09 15:10:00,154740.0,155130.0,154740.0,154965.0,12635.0
2012-04-09 15:15:00,154960.0,155025.0,154710.0,155005.0,5741.0
2012-04-09 15:20:00,155005.0,155250.0,154565.0,154645.0,14086.0
2012-04-09 15:25:00,154645.0,154900.0,154525.0,154885.0,7668.0
2012-04-09 15:30:00,154875.0,155125.0,154570.0,154725.0,10403.0
2012-04-09 15:35:00,154725.0,154730.0,154245.0,154525.0,10806.0
2012-04-09 15:40:00,154525.0,154875.0,154475.0,154810.0,6388.0
2012-04-09 15:45:00,154820.0,154865.0,154595.0,154760.0,4794.0
2012-04-09 15:50:00,154780.0,154785.0,154410.0,154535.0,5743.0
2012-04-09 15:55:00,154555.0,154655.0,154460.0,154480.0,3139.0
2012-04-09 16:00:00,154470.0,154935.0,154435.0,154785.0,8322.0
2012-04-09 16:05:00,154790.0,154880.0,154645.0,154810.0,4875.0
2012-04-09 16:10:00,154800.0,154900.0,154610.0,154805.0,4771.0
2012-04-09 16:15:00,154795.0,155095.0,154615.0,154940.0,7657.0
2012-04-09 16:20:00,154940.0,154965.0,154255.0,154540.0,13231.0
2012-04-09 16:25:00,154505.0,154900.0,154400.0,154880.0,5954.0
2012-04-09 16:30:00,154870.0,155500.0,154825.0,155300.0,21624.0
2012-04-09 16:35:00,155295.0,155345.0,155035.0,155145.0,7696.0
2012-04-09 16:40:00,155145.0,155530.0,155145.0,155340.0,9100.0
2012-04-09 16:45:00,155335.0,155440.0,154550.0,154830.0,15628.0
2012-04-09 16:50:00,154835.0,155190.0,154705.0,155020.0,9726.0
2012-04-09 16:55:00,155000.0,155295.0,154965.0,155255.0,5868.0
2012-04-09 17:00:00,155255.0,155365.0,154930.0,155165.0,9980.0
2012-04-09 17:05:00,155165.0,155300.0,155030.0,155145.0,3295.0
2012-04-09 17:10:00,155145.0,155215.0,154885.0,155040.0,6125.0
2012-04-09 17:15:00,155050.0,155190.0,154800.0,154980.0,5696.0
2012-04-09 17:20:00,154990.0,155180.0,154885.0,155070.0,3799.0
2012-04-09 17:25:00,155070.0,155155.0,155005.0,155145.0,2837.0
2012-04-09 17:30:00,155145.0,155865.0,154905.0,155820.0,25006.0
2012-04-09 17:35:00,155825.0,155935.0,155565.0,155640.0,15663.0
2012-04-09 17:40:00,155630.0,155770.0,155335.0,155525.0,10601.0
2012-04-09 17:45:00,155520.0,155640.0,155300.0,155365.0,9675.0
2012-04-09 17:50:00,155345.0,155475.0,154915.0,155470.0,19554.0
2012-04-09 17:55:00,155450.0,155750.0,155265.0,155705.0,10803.0
2012-04-09 18:00:00,155705.0,156085.0,155560.0,155695.0,22584.0
2012-04-09 18:05:00,155690.0,155965.0,155605.0,155855.0,9754.0
2012-04-09 18:10:00,155875.0,155950.0,155560.0,155850.0,10275.0
2012-04-09 18:15:00,155850.0,156670.0,155845.0,156670.0,27776.0
2012-04-09 18:20:00,156670.0,157145.0,156660.0,157095.0,32402.0
2012-04-09 18:25:00,157095.0,157250.0,156875.0,157225.0,19056.0
2012-04-09 18:30:00,157230.0,157305.0,156830.0,156905.0,14608.0
2012-04-09 18:35:00,156915.0,157075.0,156785.0,156795.0,12971.0
2012-04-09 18:40:00,156795.0,157280.0,156765.0,157185.0,18872.0
2012-04-09 19:00:00,157285.0,157400.0,156950.0,157090.0,10062.0
2012-04-09 19:05:00,157080.0,157130.0,156905.0,156925.0,4139.0
2012-04-09 19:10:00,156930.0,156975.0,156650.0,156730.0,7064.0
2012-04-09 19:15:00,156715.0,156765.0,156575.0,156675.0,4234.0
2012-04-09 19:20:00,156695.0,156740.0,156405.0,156575.0,7864.0
2012-04-09 19:25:00,156565.0,156795.0,156445.0,156545.0,6691.0
2012-04-09 19:30:00,156545.0,156980.0,156470.0,156590.0,7169.0
2012-04-09 19:35:00,156590.0,156775.0,156530.0,156620.0,5123.0
2012-04-09 19:40:00,156620.0,156635.0,155005.0,155930.0,28972.0
2012-04-09 19:45:00,155915.0,156290.0,155705.0,156280.0,5583.0
2012-04-09 19:50:00,156290.0,156295.0,156020.0,156100.0,3333.0
2012-04-09 19:55:00,156095.0,156390.0,156080.0,156360.0,4112.0
2012-04-09 20:00:00,156360.0,156450.0,156180.0,156245.0,3687.0
2012-04-09 20:05:00,156250.0,156525.0,156150.0,156460.0,4894.0
2012-04-09 20:10:00,156475.0,156700.0,156450.0,156530.0,4299.0
2012-04-09 20:15:00,156530.0,156630.0,156460.0,156565.0,1945.0
2012-04-09 20:20:00,156560.0,156575.0,156430.0,156460.0,1664.0
2012-04-09 20:25:00,156480.0,156645.0,156450.0,156575.0,1835.0
2012-04-09 20:30:00,156570.0,156825.0,156480.0,156785.0,4109.0
2012-04-09 20:35:00,156795.0,156965.0,156705.0,156885.0,3792.0
2012-04-09 20:40:00,156885.0,157075.0,156775.0,156860.0,4697.0
2012-04-09 20:45:00,156850.0,156940.0,156825.0,156925.0,1250.0
2012-04-09 20:50:00,156910.0,157000.0,156780.0,156830.0,1815.0
2012-04-09 20:55:00,156845.0,156960.0,156770.0,156875.0,2623.0
2012-04-09 21:00:00,156870.0,156930.0,156770.0,156825.0,1987.0
2012-04-09 21:05:00,156825.0,156880.0,156770.0,156810.0,1223.0
2012-04-09 21:10:00,156810.0,156825.0,156605.0,156715.0,3449.0
2012-04-09 21:15:00,156720.0,156765.0,156555.0,156555.0,2417.0
2012-04-09 21:20:00,156560.0,156735.0,156465.0,156695.0,3102.0
2012-04-09 21:25:00,156690.0,156690.0,156500.0,156540.0,1822.0
2012-04-09 21:30:00,156530.0,156685.0,156505.0,156685.0,1335.0
2012-04-09 21:35:00,156675.0,156700.0,156595.0,156620.0,1016.0
2012-04-09 21:40:00,156635.0,156650.0,156575.0,156600.0,1156.0
2012-04-09 21:45:00,156585.0,156650.0,156570.0,156650.0,1208.0
2012-04-09 21:50:00,156650.0,156855.0,156505.0,156790.0,3878.0
2012-04-09 21:55:00,156800.0,157190.0,156720.0,157140.0,4501.0
2012-04-09 22:00:00,157150.0,157200.0,156810.0,156870.0,5341.0
2012-04-09 22:05:00,156855.0,157065.0,156850.0,157045.0,3259.0
2012-04-09 22:10:00,157025.0,157045.0,156815.0,156890.0,2330.0
2012-04-09 22:15:00,156900.0,157000.0,156875.0,156980.0,1766.0
2012-04-09 22:20:00,156960.0,157040.0,156885.0,156955.0,1244.0
2012-04-09 22:25:00,156960.0,157040.0,156900.0,156970.0,1836.0
2012-04-09 22:30:00,156970.0,156995.0,156900.0,156965.0,1161.0
2012-04-09 22:35:00,156975.0,157145.0,156960.0,157095.0,1903.0
2012-04-09 22:40:00,157100.0,157140.0,156985.0,157010.0,2141.0
2012-04-09 22:45:00,157005.0,157090.0,157005.0,157015.0,817.0
2012-04-09 22:50:00,157020.0,157140.0,157000.0,157090.0,1821.0
2012-04-09 22:55:00,157100.0,157140.0,157020.0,157055.0,1413.0
2012-04-09 23:00:00,157065.0,157300.0,157040.0,157125.0,4640.0
2012-04-09 23:05:00,157120.0,157165.0,156910.0,156960.0,3032.0
2012-04-09 23:10:00,156960.0,157000.0,156800.0,156860.0,2621.0
2012-04-09 23:15:00,156875.0,156920.0,156840.0,156905.0,1065.0
2012-04-09 23:20:00,156905.0,157055.0,156885.0,156965.0,1642.0
2012-04-09 23:25:00,156970.0,156985.0,156610.0,156625.0,3481.0
2012-04-09 23:30:00,156625.0,156695.0,156555.0,156615.0,2642.0
2012-04-09 23:35:00,156635.0,156715.0,156525.0,156710.0,2695.0
2012-04-09 23:40:00,156710.0,156850.0,156660.0,156830.0,2937.0
2012-04-09 23:45:00,156845.0,156870.0,156705.0,156710.0,4088.0
2012-04-10 10:00:00,156820.0,156875.0,156485.0,156570.0,16547.0
2012-04-10 10:05:00,156570.0,156590.0,156205.0,156215.0,18626.0
2012-04-10 10:10:00,156220.0,156220.0,155800.0,155810.0,24705.0
2012-04-10 10:15:00,155805.0,156120.0,155565.0,155770.0,19737.0
2012-04-10 10:20:00,155765.0,156115.0,155680.0,155985.0,9704.0
2012-04-10 10:25:00,155985.0,156305.0,155920.0,156140.0,12086.0
2012-04-10 10:30:00,156125.0,156145.0,155855.0,156020.0,11322.0
2012-04-10 10:35:00,156035.0,156285.0,155915.0,156160.0,12575.0
2012-04-10 10:40:00,156145.0,156400.0,156140.0,156260.0,10216.0
2012-04-10 10:45:00,156235.0,156460.0,156135.0,156330.0,12172.0
2012-04-10 10:50:00,156350.0,157085.0,156345.0,156770.0,27905.0
2012-04-10 10:55:00,156755.0,156815.0,156170.0,156185.0,15480.0
2012-04-10 11:00:00,156190.0,156550.0,156150.0,156405.0,17216.0
2012-04-10 11:05:00,156395.0,157190.0,156395.0,156845.0,28862.0
2012-04-10 11:10:00,156860.0,157115.0,156805.0,157040.0,14821.0
2012-04-10 11:15:00,157030.0,157340.0,156985.0,157000.0,24585.0
2012-04-10 11:20:00,157000.0,157080.0,156470.0,156470.0,22277.0
2012-04-10 11:25:00,156475.0,156520.0,156040.0,156080.0,21777.0
2012-04-10 11:30:00,156080.0,156125.0,155500.0,156090.0,40939.0
2012-04-10 11:35:00,156090.0,156310.0,155750.0,156100.0,18559.0
2012-04-10 11:40:00,156120.0,156280.0,155950.0,156040.0,11686.0
2012-04-10 11:45:00,156040.0,156200.0,155880.0,155995.0,11870.0
2012-04-10 11:50:00,155995.0,156530.0,155880.0,156435.0,16057.0
2012-04-10 11:55:00,156435.0,156580.0,156250.0,156510.0,12869.0
2012-04-10 12:00:00,156535.0,156800.0,156500.0,156615.0,23546.0
2012-04-10 12:05:00,156630.0,157200.0,156485.0,157020.0,36112.0
2012-04-10 12:10:00,157020.0,157130.0,156800.0,156970.0,12352.0
2012-04-10 12:15:00,156970.0,157845.0,156600.0,157795.0,41383.0
2012-04-10 12:20:00,157795.0,157950.0,157630.0,157875.0,27112.0
2012-04-10 12:25:00,157875.0,158000.0,157765.0,157965.0,14626.0
2012-04-10 12:30:00,157965.0,158070.0,157535.0,157535.0,17677.0
2012-04-10 12:35:00,157535.0,157885.0,157535.0,157665.0,13984.0
2012-04-10 12:40:00,157665.0,157915.0,157555.0,157815.0,10486.0
2012-04-10 12:45:00,157825.0,157835.0,157535.0,157555.0,7996.0
2012-04-10 12:50:00,157555.0,157970.0,157480.0,157770.0,13065.0
2012-04-10 12:55:00,157770.0,157935.0,157605.0,157785.0,10072.0
2012-04-10 13:00:00,157785.0,158000.0,157665.0,157835.0,17598.0
2012-04-10 13:05:00,157860.0,157930.0,157645.0,157690.0,5687.0
2012-04-10 13:10:00,157705.0,157745.0,157575.0,157645.0,6377.0
2012-04-10 13:15:00,157645.0,157645.0,157215.0,157475.0,19079.0
2012-04-10 13:20:00,157480.0,157870.0,157270.0,157805.0,16594.0
2012-04-10 13:25:00,157795.0,157820.0,157335.0,157350.0,11704.0
2012-04-10 13:30:00,157350.0,157435.0,157125.0,157315.0,15076.0
2012-04-10 13:35:00,157320.0,157380.0,157050.0,157150.0,17600.0
2012-04-10 13:40:00,157145.0,157420.0,157130.0,157285.0,12020.0
2012-04-10 13:45:00,157285.0,157340.0,157125.0,157300.0,8823.0
2012-04-10 13:50:00,157305.0,157380.0,157220.0,157320.0,5383.0
2012-04-10 13:55:00,157335.0,157415.0,157245.0,157280.0,4608.0
2012-04-10 14:00:00,157260.0,157260.0,156460.0,156555.0,24619.0
2012-04-10 14:05:00,156560.0,156850.0,156480.0,156690.0,14289.0
2012-04-10 14:10:00,156695.0,156805.0,156400.0,156685.0,19457.0
2012-04-10 14:15:00,156680.0,156695.0,156205.0,156695.0,19739.0
2012-04-10 14:20:00,156700.0,156790.0,156550.0,156695.0,8207.0
2012-04-10 14:25:00,156695.0,157225.0,156635.0,157145.0,13747.0
2012-04-10 14:30:00,157130.0,157365.0,156920.0,157300.0,20368.0
2012-04-10 14:35:00,157300.0,157700.0,157285.0,157660.0,15276.0
2012-04-10 14:40:00,157650.0,157860.0,157600.0,157625.0,11429.0
2012-04-10 14:45:00,157620.0,157645.0,157445.0,157530.0,10112.0
2012-04-10 14:50:00,157520.0,157520.0,156920.0,157100.0,17637.0
2012-04-10 14:55:00,157090.0,157120.0,156770.0,157045.0,14097.0
2012-04-10 15:00:00,157045.0,157235.0,156810.0,157145.0,12604.0
2012-04-10 15:05:00,157145.0,157245.0,157020.0,157200.0,5598.0
2012-04-10 15:10:00,157200.0,157370.0,157065.0,157155.0,6130.0
2012-04-10 15:15:00,157155.0,157235.0,156970.0,157230.0,6493.0
2012-04-10 15:20:00,157230.0,157250.0,156955.0,157155.0,4911.0
2012-04-10 15:25:00,157150.0,157155.0,156815.0,156945.0,7249.0
2012-04-10 15:30:00,156950.0,156990.0,156615.0,156685.0,11089.0
2012-04-10 15:35:00,156685.0,156945.0,156655.0,156830.0,8522.0
2012-04-10 15:40:00,156825.0,157075.0,156775.0,157000.0,7186.0
2012-04-10 15:45:00,156995.0,157200.0,156910.0,157085.0,7388.0
2012-04-10 15:50:00,157090.0,157240.0,157030.0,157140.0,4718.0